%Element %L_el[m] %x[m] %Height[m] %Lump_mass[kN] %Eig_vector1y %Eig_vector2z %Eig_vector2x %DragFact
106 2.4500 -98.7000 2.7500 48.6500 1.0000 1.0000 0.1247 5.9200
107 4.9000 -93.8000 2.7500 158.5000 0.9476 0.9411 0.1291 1.4000
108 4.9000 -88.9000 2.7680 97.4900 0.8952 0.8821 0.1335 1.4000
109 4.9000 -84.0000 2.8170 97.8600 0.8428 0.8234 0.1378 1.4000
110 4.9000 -79.1000 2.9000 99.1000 0.7904 0.7653 0.1419 1.4000
111 4.9000 -74.2000 3.0210 101.9000 0.7382 0.7080 0.1458 1.4000
112 4.9000 -69.3000 3.1820 105.7000 0.6861 0.6519 0.1494 1.7000
113 4.9000 -64.4000 3.3840 109.9000 0.6341 0.5972 0.1527 1.7000
114 4.9000 -59.5000 3.6300 114.3000 0.5825 0.5440 0.1557 1.7000
115 4.9000 -54.6000 3.9190 120.2000 0.5311 0.4924 0.1585 1.7000
116 3.6750 -50.1000 4.2540 85.3400 0.4801 0.4424 0.1610 1.7000
117 2.4500 -48.5000 4.4450 133.0000 0.4626 0.4254 0.1619 1.7000
118 3.6750 -44.8000 4.6350 120.7000 0.4296 0.3939 0.1634 2.0000
119 4.9000 -39.9000 5.0640 151.4000 0.3796 0.3467 0.1655 2.0000
120 4.9000 -35.0000 5.5410 158.2000 0.3301 0.3008 0.1675 2.0000
121 4.9000 -30.1000 6.0670 165.5000 0.2813 0.2560 0.1693 2.0000
122 4.9000 -25.2000 6.6430 173.3000 0.2332 0.2123 0.1710 2.0000
123 4.9000 -20.3000 7.2700 181.6000 0.1858 0.1695 0.1726 2.1800
124 4.9000 -15.4000 7.9480 192.7000 0.1393 0.1275 0.1740 2.1800
125 4.7000 -10.5000 8.6780 197.9000 0.0936 0.0863 0.1753 2.1800
126 4.0500 -6.0000 9.3940 185.3000 0.0524 0.0490 0.1764 2.1800
127 3.0000 -2.4000 10.0000 140.1000 0.0180 0.0177 0.1773 2.1800
128 2.4000 0.0000 10.0000 233.7000 -0.0013 0.0000 0.1778 2.1800
129 3.0000 2.4000 10.0000 140.8000 -0.0207 -0.0176 0.1787 2.1800
130 4.0500 6.0000 9.3940 186.6000 -0.0550 -0.0489 0.1802 2.1800
131 4.7000 10.5000 8.6780 199.2000 -0.0960 -0.0860 0.1819 2.1800
132 4.9000 15.4000 7.9480 193.8000 -0.1414 -0.1270 0.1838 2.1800
133 4.9000 20.3000 7.2700 182.5000 -0.1875 -0.1686 0.1856 2.0000
134 4.9000 25.2000 6.6430 174.1000 -0.2342 -0.2109 0.1873 2.0000
135 4.9000 30.1000 6.0670 166.2000 -0.2815 -0.2539 0.1890 2.0000
136 4.9000 35.0000 5.5410 158.7000 -0.3294 -0.2978 0.1906 2.0000
137 4.9000 39.9000 5.0640 151.8000 -0.3778 -0.3426 0.1921 2.0000
138 4.9000 44.8000 4.6350 142.6000 -0.4267 -0.3884 0.1936 1.7000
139 4.9000 49.7000 4.2540 130.4000 -0.4759 -0.4353 0.1949 1.7000
140 4.9000 54.6000 3.9190 120.3000 -0.5255 -0.4833 0.1962 1.7000
141 4.9000 59.5000 3.6300 114.4000 -0.5754 -0.5325 0.1974 1.7000
142 4.9000 64.4000 3.3840 109.9000 -0.6255 -0.5829 0.1984 1.7000
143 4.9000 69.3000 3.1820 105.7000 -0.6757 -0.6343 0.1992 1.4000
144 4.9000 74.2000 3.0210 101.8000 -0.7261 -0.6866 0.1999 1.4000
145 4.9000 79.1000 2.9000 98.9300 -0.7766 -0.7396 0.2005 1.4000
146 4.9000 84.0000 2.8170 97.6200 -0.8271 -0.7931 0.2009 1.4000
147 4.9000 88.9000 2.7680 158.4000 -0.8776 -0.8468 0.2011 1.4000
148 2.4500 93.8000 2.7500 48.5500 -0.9282 -0.9004 0.2012 5.9200